DECADE,MIN AT,MIN,MAX AT,MAX,n_0,Cpred_min,n_1,Cpred_max,N_geom,<COUNT>,Cpred_avg,HLCorr
7,10000019,51128.298434,19399380,400766.957101,16777216,2.65602249,14549535,11.63598835,14142135,110319.93880480,4.02354807,1.00588706
7,20000003,93973.224968,29099070,573037.189054,29999999,2.65546976,24249225,11.63381159,24494897,173179.75809189,4.02273770,1.00568447
7,30000001,134379.305818,38798760,739026.350314,33554432,2.65536769,33948915,11.63245216,34641017,233197.53592594,4.02225484,1.00556366
7,40000003,173314.544211,48498450,900567.329200,49999991,2.65501557,43648605,11.63147281,44721359,291347.82762346,4.02191131,1.00547785
7,50000012,211208.098309,58198140,1058690.865353,59999999,2.65486011,53348295,11.63071187,54772255,348118.13575424,4.02164612,1.00541159
7,60000002,248301.173556,67897830,1214054.495225,67108864,2.65476625,63047985,11.63009216,64807407,403800.57186036,4.02143150,1.00535781
7,70000022,284747.952390,77597520,1367112.431596,79999987,2.65462154,72747675,11.62957093,74833147,458588.87804010,4.02125065,1.00531267
7,80000006,320654.550957,87297210,1518196.264077,89999999,2.65452615,82447365,11.62912216,84852813,512620.81380341,4.02109518,1.00527385
7,90000034,356098.906286,99804705,1692401.736308,99999989,2.65444192,92147055,11.62872880,94868329,565999.04634271,4.02095965,1.00523986
